2020-01-30,Kerala,10.8505,76.2711,1.0,0,0.0,0,0,0
2020-01-31,Kerala,10.8505,76.2711,1.0,0,0.0,0,0,0
2020-02-01,Kerala,10.8505,76.2711,2.0,0,0.0,1,0,0
2020-02-02,Kerala,10.8505,76.2711,3.0,0,0.0,1,0,0
2020-02-03,Kerala,10.8505,76.2711,3.0,0,0.0,0,0,0
2020-02-04,Kerala,10.8505,76.2711,3.0,0,0.0,0,0,0
2020-02-05,Kerala,10.8505,76.2711,3.0,0,0.0,0,0,0
2020-02-06,Kerala,10.8505,76.2711,3.0,0,0.0,0,0,0
2020-02-07,Kerala,10.8505,76.2711,3.0,0,0.0,0,0,0
2020-02-08,Kerala,10.8505,76.2711,3.0,0,0.0,0,0,0
2020-02-09,Kerala,10.8505,76.2711,3.0,0,0.0,0,0,0
2020-02-10,Kerala,10.8505,76.2711,3.0,0,0.0,0,0,0
2020-02-11,Kerala,10.8505,76.2711,3.0,0,0.0,0,0,0
2020-02-12,Kerala,10.8505,76.2711,3.0,0,0.0,0,0,0
2020-02-13,Kerala,10.8505,76.2711,3.0,0,0.0,0,0,0
2020-02-14,Kerala,10.8505,76.2711,3.0,0,0.0,0,0,0
2020-02-15,Kerala,10.8505,76.2711,3.0,0,0.0,0,0,0
2020-02-16,Kerala,10.8505,76.2711,3.0,0,0.0,0,0,0
2020-02-17,Kerala,10.8505,76.2711,3.0,0,0.0,0,0,0
2020-02-18,Kerala,10.8505,76.2711,3.0,0,0.0,0,0,0
2020-02-19,Kerala,10.8505,76.2711,3.0,0,0.0,0,0,0
2020-02-20,Kerala,10.8505,76.2711,3.0,0,0.0,0,0,0
2020-02-21,Kerala,10.8505,76.2711,3.0,0,0.0,0,0,0
2020-02-22,Kerala,10.8505,76.2711,3.0,0,0.0,0,0,0
2020-02-23,Kerala,10.8505,76.2711,3.0,0,0.0,0,0,0
2020-02-24,Kerala,10.8505,76.2711,3.0,0,0.0,0,0,0
2020-02-25,Kerala,10.8505,76.2711,3.0,0,0.0,0,0,0
2020-02-26,Kerala,10.8505,76.2711,3.0,0,0.0,0,0,0
2020-02-27,Kerala,10.8505,76.2711,3.0,0,0.0,0,0,0
2020-02-28,Kerala,10.8505,76.2711,3.0,0,0.0,0,0,0
2020-02-29,Kerala,10.8505,76.2711,3.0,0,0.0,0,0,0
2020-03-01,Kerala,10.8505,76.2711,3.0,0,0.0,0,0,0
2020-03-02,Delhi,28.7041,77.1025,1.0,0,0.0,0,0,0
2020-03-02,Kerala,10.8505,76.2711,3.0,0,0.0,0,0,0
2020-03-02,Telengana,18.1124,79.0193,1.0,0,0.0,0,0,0
2020-03-03,Delhi,28.7041,77.1025,1.0,0,0.0,0,0,0
2020-03-03,Kerala,10.8505,76.2711,3.0,0,3.0,0,0,3
2020-03-03,Telengana,18.1124,79.0193,1.0,0,0.0,0,0,0
2020-03-04,Delhi,28.7041,77.1025,1.0,0,0.0,0,0,0
2020-03-04,Haryana,29.0588,76.0856,14.0,0,0.0,0,0,0
2020-03-04,Kerala,10.8505,76.2711,3.0,0,3.0,0,0,0
2020-03-04,Rajasthan,27.0238,74.2179,1.0,0,0.0,0,0,0
2020-03-04,Telengana,18.1124,79.0193,1.0,0,0.0,0,0,0
2020-03-04,Uttar Pradesh,26.8467,80.9462,6.0,0,0.0,0,0,0
2020-03-05,Delhi,28.7041,77.1025,2.0,0,0.0,1,0,0
2020-03-05,Haryana,29.0588,76.0856,14.0,0,0.0,0,0,0
2020-03-05,Kerala,10.8505,76.2711,3.0,0,3.0,0,0,0
2020-03-05,Rajasthan,27.0238,74.2179,1.0,0,0.0,0,0,0
2020-03-05,Telengana,18.1124,79.0193,1.0,0,0.0,0,0,0
2020-03-05,Uttar Pradesh,26.8467,80.9462,7.0,0,0.0,1,0,0
2020-03-06,Delhi,28.7041,77.1025,3.0,0,0.0,1,0,0
2020-03-06,Haryana,29.0588,76.0856,14.0,0,0.0,0,0,0
2020-03-06,Kerala,10.8505,76.2711,3.0,0,3.0,0,0,0
2020-03-06,Rajasthan,27.0238,74.2179,1.0,0,0.0,0,0,0
2020-03-06,Telengana,18.1124,79.0193,1.0,0,0.0,0,0,0
2020-03-06,Uttar Pradesh,26.8467,80.9462,7.0,0,0.0,0,0,0
2020-03-07,Delhi,28.7041,77.1025,3.0,0,0.0,0,0,0
2020-03-07,Haryana,29.0588,76.0856,14.0,0,0.0,0,0,0
2020-03-07,Kerala,10.8505,76.2711,3.0,0,3.0,0,0,0
2020-03-07,Rajasthan,27.0238,74.2179,1.0,0,0.0,0,0,0
2020-03-07,Tamil Nadu,11.1271,78.6569,1.0,0,0.0,0,0,0
2020-03-07,Telengana,18.1124,79.0193,1.0,0,0.0,0,0,0
2020-03-07,Union Territory of Ladakh,34.2996,78.2932,2.0,0,0.0,0,0,0
2020-03-07,Uttar Pradesh,26.8467,80.9462,7.0,0,0.0,0,0,0
2020-03-08,Delhi,28.7041,77.1025,3.0,0,0.0,0,0,0
2020-03-08,Haryana,29.0588,76.0856,14.0,0,0.0,0,0,0
2020-03-08,Kerala,10.8505,76.2711,8.0,0,3.0,5,0,0
2020-03-08,Rajasthan,27.0238,74.2179,1.0,0,0.0,0,0,0
2020-03-08,Tamil Nadu,11.1271,78.6569,1.0,0,0.0,0,0,0
2020-03-08,Telengana,18.1124,79.0193,1.0,0,0.0,0,0,0
2020-03-08,Union Territory of Ladakh,34.2996,78.2932,2.0,0,0.0,0,0,0
2020-03-08,Uttar Pradesh,26.8467,80.9462,7.0,0,0.0,0,0,0
2020-03-09,Delhi,28.7041,77.1025,4.0,0,0.0,1,0,0
2020-03-09,Haryana,29.0588,76.0856,14.0,0,0.0,0,0,0
2020-03-09,Karnataka,15.3173,75.7139,1.0,0,0.0,0,0,0
2020-03-09,Kerala,10.8505,76.2711,9.0,0,3.0,1,0,0
2020-03-09,Maharashtra,19.7515,75.7139,2.0,0,0.0,0,0,0
2020-03-09,Punjab,31.1471,75.3412,1.0,0,0.0,0,0,0
2020-03-09,Rajasthan,27.0238,74.2179,1.0,0,0.0,0,0,0
2020-03-09,Tamil Nadu,11.1271,78.6569,1.0,0,0.0,0,0,0
2020-03-09,Telengana,18.1124,79.0193,1.0,0,0.0,0,0,0
2020-03-09,Union Territory of Jammu and Kashmir,33.7782,76.5762,1.0,0,0.0,0,0,0
2020-03-09,Union Territory of Ladakh,34.2996,78.2932,2.0,0,0.0,0,0,0
2020-03-09,Uttar Pradesh,26.8467,80.9462,7.0,0,0.0,0,0,0
2020-03-10,Delhi,28.7041,77.1025,4.0,0,0.0,0,0,0
2020-03-10,Haryana,29.0588,76.0856,14.0,0,0.0,0,0,0
2020-03-10,Karnataka,15.3173,75.7139,4.0,0,0.0,3,0,0
2020-03-10,Kerala,10.8505,76.2711,15.0,0,3.0,6,0,0
2020-03-10,Maharashtra,19.7515,75.7139,5.0,0,0.0,3,0,0
2020-03-10,Punjab,31.1471,75.3412,1.0,0,0.0,0,0,0
2020-03-10,Rajasthan,27.0238,74.2179,1.0,0,0.0,0,0,0
2020-03-10,Tamil Nadu,11.1271,78.6569,1.0,0,0.0,0,0,0
2020-03-10,Telengana,18.1124,79.0193,1.0,0,0.0,0,0,0
2020-03-10,Union Territory of Jammu and Kashmir,33.7782,76.5762,1.0,0,0.0,0,0,0
2020-03-10,Union Territory of Ladakh,34.2996,78.2932,2.0,0,0.0,0,0,0
2020-03-10,Uttar Pradesh,26.8467,80.9462,7.0,0,0.0,0,0,0
2020-03-11,Delhi,28.7041,77.1025,5.0,0,0.0,1,0,0
2020-03-11,Haryana,29.0588,76.0856,14.0,0,0.0,0,0,0
2020-03-11,Karnataka,15.3173,75.7139,4.0,0,0.0,0,0,0
2020-03-11,Kerala,10.8505,76.2711,17.0,0,3.0,2,0,0
2020-03-11,Maharashtra,19.7515,75.7139,10.0,0,0.0,5,0,0
2020-03-11,Punjab,31.1471,75.3412,1.0,0,0.0,0,0,0
2020-03-11,Rajasthan,27.0238,74.2179,3.0,0,0.0,2,0,0
2020-03-11,Tamil Nadu,11.1271,78.6569,1.0,0,0.0,0,0,0
2020-03-11,Telengana,18.1124,79.0193,1.0,0,0.0,0,0,0
2020-03-11,Union Territory of Jammu and Kashmir,33.7782,76.5762,1.0,0,0.0,0,0,0
2020-03-11,Union Territory of Ladakh,34.2996,78.2932,2.0,0,0.0,0,0,0
2020-03-11,Uttar Pradesh,26.8467,80.9462,9.0,0,0.0,2,0,0
2020-03-12,Andhra Pradesh,15.9129,79.74,1.0,0,0.0,0,0,0
2020-03-12,Delhi,28.7041,77.1025,6.0,0,0.0,1,0,0
2020-03-12,Haryana,29.0588,76.0856,14.0,0,0.0,0,0,0
2020-03-12,Karnataka,15.3173,75.7139,4.0,1,0.0,0,0,0
2020-03-12,Kerala,10.8505,76.2711,17.0,0,3.0,0,0,0
2020-03-12,Maharashtra,19.7515,75.7139,11.0,0,0.0,1,0,0
2020-03-12,Punjab,31.1471,75.3412,1.0,0,0.0,0,0,0
2020-03-12,Rajasthan,27.0238,74.2179,3.0,0,0.0,0,0,0
2020-03-12,Tamil Nadu,11.1271,78.6569,1.0,0,0.0,0,0,0
2020-03-12,Telengana,18.1124,79.0193,1.0,0,0.0,0,0,0
2020-03-12,Union Territory of Jammu and Kashmir,33.7782,76.5762,1.0,0,0.0,0,0,0
2020-03-12,Union Territory of Ladakh,34.2996,78.2932,3.0,0,0.0,1,0,0
2020-03-12,Uttar Pradesh,26.8467,80.9462,11.0,0,0.0,2,0,0
2020-03-13,Andhra Pradesh,15.9129,79.74,1.0,0,0.0,0,0,0
2020-03-13,Delhi,28.7041,77.1025,6.0,0,0.0,0,0,0
2020-03-13,Haryana,29.0588,76.0856,14.0,0,0.0,0,0,0
2020-03-13,Karnataka,15.3173,75.7139,5.0,1,0.0,1,0,0
2020-03-13,Kerala,10.8505,76.2711,17.0,0,3.0,0,0,0
2020-03-13,Maharashtra,19.7515,75.7139,11.0,0,0.0,0,0,0
2020-03-13,Punjab,31.1471,75.3412,1.0,0,0.0,0,0,0
2020-03-13,Rajasthan,27.0238,74.2179,3.0,0,0.0,0,0,0
2020-03-13,Tamil Nadu,11.1271,78.6569,1.0,0,0.0,0,0,0
2020-03-13,Telengana,18.1124,79.0193,1.0,0,0.0,0,0,0
2020-03-13,Union Territory of Jammu and Kashmir,33.7782,76.5762,1.0,0,0.0,0,0,0
2020-03-13,Union Territory of Ladakh,34.2996,78.2932,3.0,0,0.0,0,0,0
2020-03-13,Uttar Pradesh,26.8467,80.9462,11.0,0,0.0,0,0,0
2020-03-14,Andhra Pradesh,15.9129,79.74,1.0,0,0.0,0,0,0
2020-03-14,Delhi,28.7041,77.1025,7.0,1,1.0,1,0,1
2020-03-14,Haryana,29.0588,76.0856,14.0,0,0.0,0,0,0
2020-03-14,Karnataka,15.3173,75.7139,6.0,1,0.0,1,0,0
2020-03-14,Kerala,10.8505,76.2711,19.0,0,3.0,2,0,0
2020-03-14,Maharashtra,19.7515,75.7139,14.0,0,0.0,3,0,0
2020-03-14,Punjab,31.1471,75.3412,1.0,0,0.0,0,0,0
2020-03-14,Rajasthan,27.0238,74.2179,3.0,0,1.0,0,0,1
2020-03-14,Tamil Nadu,11.1271,78.6569,1.0,0,0.0,0,0,0
2020-03-14,Telengana,18.1124,79.0193,1.0,0,0.0,0,0,0
2020-03-14,Union Territory of Jammu and Kashmir,33.7782,76.5762,2.0,0,0.0,1,0,0
2020-03-14,Union Territory of Ladakh,34.2996,78.2932,3.0,0,0.0,0,0,0
2020-03-14,Uttar Pradesh,26.8467,80.9462,12.0,0,5.0,1,0,5
2020-03-15,Andhra Pradesh,15.9129,79.74,1.0,0,0.0,0,0,0
2020-03-15,Delhi,28.7041,77.1025,7.0,1,2.0,0,0,1
2020-03-15,Haryana,29.0588,76.0856,14.0,0,0.0,0,0,0
2020-03-15,Karnataka,15.3173,75.7139,6.0,1,0.0,0,0,0
2020-03-15,Kerala,10.8505,76.2711,23.0,0,3.0,4,0,0
2020-03-15,Maharashtra,19.7515,75.7139,32.0,0,0.0,18,0,0
2020-03-15,Punjab,31.1471,75.3412,1.0,0,0.0,0,0,0
2020-03-15,Rajasthan,27.0238,74.2179,4.0,0,3.0,1,0,2
2020-03-15,Tamil Nadu,11.1271,78.6569,1.0,0,0.0,0,0,0
2020-03-15,Telengana,18.1124,79.0193,3.0,0,1.0,2,0,1
2020-03-15,Union Territory of Jammu and Kashmir,33.7782,76.5762,2.0,0,0.0,0,0,0
2020-03-15,Union Territory of Ladakh,34.2996,78.2932,3.0,0,0.0,0,0,0
2020-03-15,Uttar Pradesh,26.8467,80.9462,13.0,0,4.0,1,0,-1
2020-03-15,Uttarakhand,30.0668,79.0193,1.0,0,0.0,0,0,0
2020-03-16,Andhra Pradesh,15.9129,79.74,1.0,0,0.0,0,0,0
2020-03-16,Delhi,28.7041,77.1025,7.0,1,2.0,0,0,0
2020-03-16,Haryana,29.0588,76.0856,14.0,0,0.0,0,0,0
2020-03-16,Karnataka,15.3173,75.7139,6.0,1,0.0,0,0,0
2020-03-16,Kerala,10.8505,76.2711,23.0,0,3.0,0,0,0
2020-03-16,Maharashtra,19.7515,75.7139,32.0,0,0.0,0,0,0
2020-03-16,Odisha,20.9517,85.0985,1.0,0,0.0,0,0,0
2020-03-16,Punjab,31.1471,75.3412,1.0,0,0.0,0,0,0
2020-03-16,Rajasthan,27.0238,74.2179,4.0,0,3.0,0,0,0
2020-03-16,Tamil Nadu,11.1271,78.6569,1.0,0,0.0,0,0,0
2020-03-16,Telengana,18.1124,79.0193,3.0,0,1.0,0,0,0
2020-03-16,Union Territory of Jammu and Kashmir,33.7782,76.5762,3.0,0,0.0,1,0,0
2020-03-16,Union Territory of Ladakh,34.2996,78.2932,4.0,0,0.0,1,0,0
2020-03-16,Uttar Pradesh,26.8467,80.9462,13.0,0,4.0,0,0,0
2020-03-16,Uttarakhand,30.0668,79.0193,1.0,0,0.0,0,0,0
2020-03-17,Andhra Pradesh,15.9129,79.74,1.0,0,0.0,0,0,0
2020-03-17,Delhi,28.7041,77.1025,8.0,1,2.0,1,0,0
2020-03-17,Haryana,29.0588,76.0856,15.0,0,0.0,1,0,0
2020-03-17,Karnataka,15.3173,75.7139,11.0,1,0.0,5,0,0
2020-03-17,Kerala,10.8505,76.2711,26.0,0,3.0,3,0,0
2020-03-17,Maharashtra,19.7515,75.7139,39.0,1,0.0,7,0,0
2020-03-17,Odisha,20.9517,85.0985,1.0,0,0.0,0,0,0
2020-03-17,Punjab,31.1471,75.3412,1.0,0,0.0,0,0,0
2020-03-17,Rajasthan,27.0238,74.2179,4.0,0,3.0,0,0,0
2020-03-17,Tamil Nadu,11.1271,78.6569,1.0,0,0.0,0,0,0
2020-03-17,Telengana,18.1124,79.0193,5.0,0,1.0,2,0,0
2020-03-17,Union Territory of Jammu and Kashmir,33.7782,76.5762,3.0,0,0.0,0,0,0
2020-03-17,Union Territory of Ladakh,34.2996,78.2932,6.0,0,0.0,2,0,0
2020-03-17,Uttar Pradesh,26.8467,80.9462,15.0,0,5.0,2,0,1
2020-03-17,Uttarakhand,30.0668,79.0193,1.0,0,0.0,0,0,0
2020-03-18,Andhra Pradesh,15.9129,79.74,1.0,0,0.0,0,0,0
2020-03-18,Delhi,28.7041,77.1025,10.0,1,2.0,2,0,0
2020-03-18,Haryana,29.0588,76.0856,17.0,0,0.0,2,0,0
2020-03-18,Karnataka,15.3173,75.7139,11.0,1,0.0,0,0,0
2020-03-18,Kerala,10.8505,76.2711,27.0,0,3.0,1,0,0
2020-03-18,Maharashtra,19.7515,75.7139,42.0,1,0.0,3,0,0
2020-03-18,Odisha,20.9517,85.0985,1.0,0,0.0,0,0,0
2020-03-18,Puducherry,11.9416,79.8083,1.0,0,0.0,0,0,0
2020-03-18,Punjab,31.1471,75.3412,1.0,0,0.0,0,0,0
2020-03-18,Rajasthan,27.0238,74.2179,4.0,0,3.0,0,0,0
2020-03-18,Tamil Nadu,11.1271,78.6569,1.0,0,0.0,0,0,0
2020-03-18,Telengana,18.1124,79.0193,6.0,0,1.0,1,0,0
2020-03-18,Union Territory of Jammu and Kashmir,33.7782,76.5762,3.0,0,0.0,0,0,0
2020-03-18,Union Territory of Ladakh,34.2996,78.2932,8.0,0,0.0,2,0,0
2020-03-18,Uttar Pradesh,26.8467,80.9462,16.0,0,5.0,1,0,0
2020-03-18,Uttarakhand,30.0668,79.0193,1.0,0,0.0,0,0,0
2020-03-18,West Bengal,22.9868,87.855,1.0,0,0.0,0,0,0
2020-03-19,Andhra Pradesh,15.9129,79.74,2.0,0,0.0,1,0,0
2020-03-19,Chhattisgarh,21.2787,81.8661,1.0,0,0.0,0,0,0
2020-03-19,Delhi,28.7041,77.1025,12.0,1,3.0,2,0,1
2020-03-19,Haryana,29.0588,76.0856,17.0,0,0.0,0,0,0
2020-03-19,Karnataka,15.3173,75.7139,14.0,1,0.0,3,0,0
2020-03-19,Kerala,10.8505,76.2711,27.0,0,3.0,0,0,0
2020-03-19,Maharashtra,19.7515,75.7139,47.0,1,0.0,5,0,0
2020-03-19,Odisha,20.9517,85.0985,1.0,0,0.0,0,0,0
2020-03-19,Puducherry,11.9416,79.8083,1.0,0,0.0,0,0,0
2020-03-19,Punjab,31.1471,75.3412,2.0,1,0.0,1,0,0
2020-03-19,Rajasthan,27.0238,74.2179,7.0,0,3.0,3,0,0
2020-03-19,Tamil Nadu,11.1271,78.6569,2.0,0,1.0,1,0,1
2020-03-19,Telengana,18.1124,79.0193,6.0,0,1.0,0,0,0
2020-03-19,Union Territory of Chandigarh,30.7333,76.7794,1.0,0,0.0,0,0,0
2020-03-19,Union Territory of Jammu and Kashmir,33.7782,76.5762,4.0,0,0.0,1,0,0
2020-03-19,Union Territory of Ladakh,34.2996,78.2932,8.0,0,0.0,0,0,0
2020-03-19,Uttar Pradesh,26.8467,80.9462,19.0,0,9.0,3,0,4
2020-03-19,Uttarakhand,30.0668,79.0193,1.0,0,0.0,0,0,0
2020-03-19,West Bengal,22.9868,87.855,1.0,0,0.0,0,0,0
2020-03-20,Andhra Pradesh,15.9129,79.74,2.0,0,0.0,0,0,0
2020-03-20,Chhattisgarh,21.2787,81.8661,1.0,0,0.0,0,0,0
2020-03-20,Delhi,28.7041,77.1025,17.0,1,3.0,5,0,0
2020-03-20,Gujarat,22.2587,71.1924,2.0,0,0.0,0,0,0
2020-03-20,Haryana,29.0588,76.0856,17.0,0,0.0,0,0,0
2020-03-20,Karnataka,15.3173,75.7139,15.0,1,0.0,1,0,0
2020-03-20,Kerala,10.8505,76.2711,28.0,0,3.0,1,0,0
2020-03-20,Maharashtra,19.7515,75.7139,47.0,1,0.0,0,0,0
2020-03-20,Odisha,20.9517,85.0985,1.0,0,0.0,0,0,0
2020-03-20,Puducherry,11.9416,79.8083,1.0,0,0.0,0,0,0
2020-03-20,Punjab,31.1471,75.3412,2.0,1,0.0,0,0,0
2020-03-20,Rajasthan,27.0238,74.2179,7.0,0,3.0,0,0,0
2020-03-20,Tamil Nadu,11.1271,78.6569,3.0,0,1.0,1,0,0
2020-03-20,Telengana,18.1124,79.0193,16.0,0,1.0,10,0,0
2020-03-20,Union Territory of Chandigarh,30.7333,76.7794,1.0,0,0.0,0,0,0
2020-03-20,Union Territory of Jammu and Kashmir,33.7782,76.5762,4.0,0,0.0,0,0,0
2020-03-20,Union Territory of Ladakh,34.2996,78.2932,10.0,0,0.0,2,0,0
2020-03-20,Uttar Pradesh,26.8467,80.9462,19.0,0,9.0,0,0,0
2020-03-20,Uttarakhand,30.0668,79.0193,1.0,0,0.0,0,0,0
2020-03-20,West Bengal,22.9868,87.855,1.0,0,0.0,0,0,0
2020-03-21,Andhra Pradesh,15.9129,79.74,3.0,0,0.0,1,0,0
2020-03-21,Chandigarh,30.7333,76.7794,1.0,0,0.0,0,0,0
2020-03-21,Chhattisgarh,21.2787,81.8661,1.0,0,0.0,0,0,0
2020-03-21,Delhi,28.7041,77.1025,26.0,1,5.0,9,0,2
2020-03-21,Gujarat,22.2587,71.1924,7.0,0,0.0,5,0,0
2020-03-21,Haryana,29.0588,76.0856,17.0,0,0.0,0,0,0
2020-03-21,Himachal Pradesh,31.1048,77.1734,2.0,0,0.0,0,0,0
2020-03-21,Jammu and Kashmir,33.7782,76.5762,4.0,0,0.0,0,0,0
2020-03-21,Karnataka,15.3173,75.7139,15.0,1,1.0,0,0,1
2020-03-21,Kerala,10.8505,76.2711,40.0,0,3.0,12,0,0
2020-03-21,Ladakh,34.2996,78.2932,13.0,0,0.0,0,0,0
2020-03-21,Madhya Pradesh,22.9734,78.6569,4.0,0,0.0,0,0,0
2020-03-21,Maharashtra,19.7515,75.7139,63.0,1,0.0,16,0,0
2020-03-21,Odisha,20.9517,85.0985,2.0,0,0.0,1,0,0
2020-03-21,Puducherry,11.9416,79.8083,1.0,0,0.0,0,0,0
2020-03-21,Punjab,31.1471,75.3412,13.0,1,0.0,11,0,0
2020-03-21,Rajasthan,27.0238,74.2179,17.0,0,3.0,10,0,0
2020-03-21,Tamil Nadu,11.1271,78.6569,3.0,0,1.0,0,0,0
2020-03-21,Telengana,18.1124,79.0193,21.0,0,1.0,5,0,0
2020-03-21,Uttar Pradesh,26.8467,80.9462,24.0,0,9.0,5,0,0
2020-03-21,Uttarakhand,30.0668,79.0193,3.0,0,0.0,2,0,0
2020-03-21,West Bengal,22.9868,87.855,3.0,0,0.0,2,0,0
2020-03-22,Andhra Pradesh,15.9129,79.74,5.0,0,0.0,2,0,0
2020-03-22,Bihar,25.0961,85.3131,2.0,1,0.0,0,0,0
2020-03-22,Chandigarh,30.7333,76.7794,5.0,0,0.0,4,0,0
2020-03-22,Chhattisgarh,21.2787,81.8661,1.0,0,0.0,0,0,0
2020-03-22,Delhi,28.7041,77.1025,29.0,1,5.0,3,0,0
2020-03-22,Gujarat,22.2587,71.1924,18.0,1,0.0,11,0,0
2020-03-22,Haryana,29.0588,76.0856,21.0,0,0.0,4,0,0
2020-03-22,Himachal Pradesh,31.1048,77.1734,2.0,0,0.0,0,0,0
2020-03-22,Jammu and Kashmir,33.7782,76.5762,4.0,0,0.0,0,0,0
2020-03-22,Karnataka,15.3173,75.7139,26.0,1,2.0,11,0,1
2020-03-22,Kerala,10.8505,76.2711,52.0,0,3.0,12,0,0
2020-03-22,Ladakh,34.2996,78.2932,13.0,0,0.0,0,0,0
2020-03-22,Madhya Pradesh,22.9734,78.6569,4.0,0,0.0,0,0,0
2020-03-22,Maharashtra,19.7515,75.7139,67.0,2,0.0,4,0,0
2020-03-22,Odisha,20.9517,85.0985,2.0,0,0.0,0,0,0
2020-03-22,Puducherry,11.9416,79.8083,1.0,0,0.0,0,0,0
2020-03-22,Punjab,31.1471,75.3412,21.0,1,0.0,8,0,0
2020-03-22,Rajasthan,27.0238,74.2179,24.0,0,3.0,7,0,0
2020-03-22,Tamil Nadu,11.1271,78.6569,7.0,0,1.0,4,0,0
2020-03-22,Telengana,18.1124,79.0193,22.0,0,1.0,1,0,0
2020-03-22,Uttar Pradesh,26.8467,80.9462,27.0,0,9.0,3,0,0
2020-03-22,Uttarakhand,30.0668,79.0193,3.0,0,0.0,0,0,0
2020-03-22,West Bengal,22.9868,87.855,4.0,0,0.0,1,0,0
2020-03-23,Andhra Pradesh,15.9129,79.74,7.0,0,0.0,2,0,0
2020-03-23,Bihar,25.0961,85.3131,2.0,1,0.0,0,0,0
2020-03-23,Chandigarh,30.7333,76.7794,6.0,0,0.0,1,0,0
2020-03-23,Chhattisgarh,21.2787,81.8661,1.0,0,0.0,0,0,0
2020-03-23,Delhi,28.7041,77.1025,29.0,1,5.0,0,0,0
2020-03-23,Gujarat,22.2587,71.1924,29.0,1,0.0,11,0,0
2020-03-23,Haryana,29.0588,76.0856,26.0,0,11.0,5,0,11
2020-03-23,Himachal Pradesh,31.1048,77.1734,2.0,0,0.0,0,0,0
2020-03-23,Jammu and Kashmir,33.7782,76.5762,4.0,0,0.0,0,0,0
2020-03-23,Karnataka,15.3173,75.7139,33.0,1,2.0,7,0,0
2020-03-23,Kerala,10.8505,76.2711,67.0,0,3.0,15,0,0
2020-03-23,Ladakh,34.2996,78.2932,13.0,0,0.0,0,0,0
2020-03-23,Madhya Pradesh,22.9734,78.6569,6.0,0,0.0,2,0,0
2020-03-23,Maharashtra,19.7515,75.7139,74.0,2,0.0,7,0,0
2020-03-23,Odisha,20.9517,85.0985,2.0,0,0.0,0,0,0
2020-03-23,Puducherry,11.9416,79.8083,1.0,0,0.0,0,0,0
2020-03-23,Punjab,31.1471,75.3412,21.0,1,0.0,0,0,0
2020-03-23,Rajasthan,27.0238,74.2179,28.0,0,3.0,4,0,0
2020-03-23,Tamil Nadu,11.1271,78.6569,9.0,0,1.0,2,0,0
2020-03-23,Telengana,18.1124,79.0193,32.0,0,1.0,10,0,0
2020-03-23,Uttar Pradesh,26.8467,80.9462,31.0,0,9.0,4,0,0
2020-03-23,Uttarakhand,30.0668,79.0193,3.0,0,0.0,0,0,0
2020-03-23,West Bengal,22.9868,87.855,7.0,1,0.0,3,0,0
2020-03-24,Andhra Pradesh,15.9129,79.74,8.0,0,0.0,1,0,0
2020-03-24,Bihar,25.0961,85.3131,3.0,1,0.0,1,0,0
2020-03-24,Chandigarh,30.7333,76.7794,7.0,0,0.0,1,0,0
2020-03-24,Chhattisgarh,21.2787,81.8661,1.0,0,0.0,0,0,0
2020-03-24,Delhi,28.7041,77.1025,30.0,2,6.0,1,0,1
2020-03-24,Gujarat,22.2587,71.1924,33.0,1,0.0,4,0,0
2020-03-24,Haryana,29.0588,76.0856,28.0,0,11.0,2,0,0
2020-03-24,Himachal Pradesh,31.1048,77.1734,3.0,1,0.0,1,0,0
2020-03-24,Jammu and Kashmir,33.7782,76.5762,4.0,0,0.0,0,0,0
2020-03-24,Karnataka,15.3173,75.7139,37.0,1,3.0,4,0,1
2020-03-24,Kerala,10.8505,76.2711,95.0,0,4.0,28,0,1
2020-03-24,Ladakh,34.2996,78.2932,13.0,0,0.0,0,0,0
2020-03-24,Madhya Pradesh,22.9734,78.6569,7.0,0,0.0,1,0,0
2020-03-24,Maharashtra,19.7515,75.7139,89.0,2,0.0,15,0,0
2020-03-24,Manipur,24.6637,93.9063,1.0,0,0.0,0,0,0
2020-03-24,Odisha,20.9517,85.0985,2.0,0,0.0,0,0,0
2020-03-24,Puducherry,11.9416,79.8083,1.0,0,0.0,0,0,0
2020-03-24,Punjab,31.1471,75.3412,29.0,1,0.0,8,0,0
2020-03-24,Rajasthan,27.0238,74.2179,32.0,0,3.0,4,0,0
2020-03-24,Tamil Nadu,11.1271,78.6569,15.0,0,1.0,6,0,0
2020-03-24,Telengana,18.1124,79.0193,35.0,0,1.0,3,0,0
2020-03-24,Uttar Pradesh,26.8467,80.9462,33.0,0,11.0,2,0,2
2020-03-24,Uttarakhand,30.0668,79.0193,4.0,0,0.0,1,0,0
2020-03-24,West Bengal,22.9868,87.855,9.0,1,0.0,2,0,0
2020-03-25,Andhra Pradesh,15.9129,79.74,9.0,0,1.0,1,0,1
2020-03-25,Bihar,25.0961,85.3131,4.0,1,0.0,1,0,0
2020-03-25,Chandigarh,30.7333,76.7794,7.0,0,0.0,0,0,0
2020-03-25,Chhattisgarh,21.2787,81.8661,1.0,0,0.0,0,0,0
2020-03-25,Delhi,28.7041,77.1025,31.0,1,6.0,1,0,0
2020-03-25,Gujarat,22.2587,71.1924,38.0,1,0.0,5,0,0
2020-03-25,Haryana,29.0588,76.0856,28.0,0,11.0,0,0,0
2020-03-25,Himachal Pradesh,31.1048,77.1734,3.0,1,0.0,0,0,0
2020-03-25,Jammu and Kashmir,33.7782,76.5762,7.0,0,1.0,3,0,1
2020-03-25,Karnataka,15.3173,75.7139,41.0,1,3.0,4,0,0
2020-03-25,Kerala,10.8505,76.2711,109.0,0,4.0,14,0,0
2020-03-25,Ladakh,34.2996,78.2932,13.0,0,0.0,0,0,0
2020-03-25,Madhya Pradesh,22.9734,78.6569,14.0,0,0.0,7,0,0
2020-03-25,Maharashtra,19.7515,75.7139,128.0,3,1.0,39,0,1
2020-03-25,Manipur,24.6637,93.9063,1.0,0,0.0,0,0,0
2020-03-25,Mizoram,23.1645,92.9376,1.0,0,0.0,0,0,0
2020-03-25,Odisha,20.9517,85.0985,2.0,0,0.0,0,0,0
2020-03-25,Puducherry,11.9416,79.8083,1.0,0,0.0,0,0,0
2020-03-25,Punjab,31.1471,75.3412,29.0,1,0.0,0,0,0
2020-03-25,Rajasthan,27.0238,74.2179,36.0,0,3.0,4,0,0
2020-03-25,Tamil Nadu,11.1271,78.6569,18.0,0,1.0,3,0,0
2020-03-25,Telengana,18.1124,79.0193,35.0,0,1.0,0,0,0
2020-03-25,Uttar Pradesh,26.8467,80.9462,37.0,0,11.0,4,0,0
2020-03-25,Uttarakhand,30.0668,79.0193,4.0,0,0.0,0,0,0
2020-03-25,West Bengal,22.9868,87.855,9.0,1,0.0,0,0,0
2020-03-26,Andaman and Nicobar Islands,11.7401,92.6586,1.0,0,0.0,0,0,0
2020-03-26,Andhra Pradesh,15.9129,79.74,11.0,0,1.0,2,0,0
2020-03-26,Bihar,25.0961,85.3131,6.0,1,0.0,2,0,0
2020-03-26,Chandigarh,30.7333,76.7794,7.0,0,0.0,0,0,0
2020-03-26,Chhattisgarh,21.2787,81.8661,6.0,0,0.0,5,0,0
2020-03-26,Delhi,28.7041,77.1025,36.0,1,6.0,5,0,0
2020-03-26,Goa,15.2993,74.124,3.0,0,0.0,0,0,0
2020-03-26,Gujarat,22.2587,71.1924,43.0,3,0.0,5,0,0
2020-03-26,Haryana,29.0588,76.0856,30.0,0,11.0,2,0,0
2020-03-26,Himachal Pradesh,31.1048,77.1734,3.0,1,0.0,0,0,0
2020-03-26,Jammu and Kashmir,33.7782,76.5762,13.0,1,1.0,6,0,0
2020-03-26,Karnataka,15.3173,75.7139,55.0,2,3.0,14,0,0
2020-03-26,Kerala,10.8505,76.2711,118.0,0,6.0,9,0,2
2020-03-26,Ladakh,34.2996,78.2932,13.0,0,0.0,0,0,0
2020-03-26,Madhya Pradesh,22.9734,78.6569,20.0,1,0.0,6,0,0
2020-03-26,Maharashtra,19.7515,75.7139,124.0,3,1.0,0,0,0
2020-03-26,Manipur,24.6637,93.9063,1.0,0,0.0,0,0,0
2020-03-26,Mizoram,23.1645,92.9376,1.0,0,0.0,0,0,0
2020-03-26,Odisha,20.9517,85.0985,2.0,0,0.0,0,0,0
2020-03-26,Puducherry,11.9416,79.8083,1.0,0,0.0,0,0,0
2020-03-26,Punjab,31.1471,75.3412,33.0,1,0.0,4,0,0
2020-03-26,Rajasthan,27.0238,74.2179,41.0,0,3.0,5,0,0
2020-03-26,Tamil Nadu,11.1271,78.6569,26.0,1,1.0,8,0,0
2020-03-26,Telengana,18.1124,79.0193,44.0,0,1.0,9,0,0
2020-03-26,Uttar Pradesh,26.8467,80.9462,41.0,0,11.0,4,0,0
2020-03-26,Uttarakhand,30.0668,79.0193,5.0,0,0.0,1,0,0
2020-03-26,West Bengal,22.9868,87.855,10.0,1,0.0,1,0,0
2020-03-27,Andaman and Nicobar Islands,11.7401,92.6586,1.0,0,0.0,0,0,0
2020-03-27,Andhra Pradesh,15.9129,79.74,12.0,0,1.0,1,0,0
2020-03-27,Bihar,25.0961,85.3131,6.0,1,0.0,0,0,0
2020-03-27,Chandigarh,30.7333,76.7794,7.0,0,0.0,0,0,0
2020-03-27,Chhattisgarh,21.2787,81.8661,6.0,0,0.0,0,0,0
2020-03-27,Delhi,28.7041,77.1025,36.0,1,6.0,0,0,0
2020-03-27,Goa,15.2993,74.124,3.0,0,0.0,0,0,0
2020-03-27,Gujarat,22.2587,71.1924,43.0,3,0.0,0,0,0
2020-03-27,Haryana,29.0588,76.0856,30.0,0,11.0,0,0,0
2020-03-27,Himachal Pradesh,31.1048,77.1734,3.0,1,0.0,0,0,0
2020-03-27,Jammu and Kashmir,33.7782,76.5762,13.0,1,1.0,0,0,0
2020-03-27,Karnataka,15.3173,75.7139,55.0,2,3.0,0,0,0
2020-03-27,Kerala,10.8505,76.2711,137.0,0,11.0,19,0,5
2020-03-27,Ladakh,34.2996,78.2932,13.0,0,3.0,0,0,3
2020-03-27,Madhya Pradesh,22.9734,78.6569,20.0,1,0.0,0,0,0
2020-03-27,Maharashtra,19.7515,75.7139,130.0,4,15.0,6,0,14
2020-03-27,Manipur,24.6637,93.9063,1.0,0,0.0,0,0,0
2020-03-27,Mizoram,23.1645,92.9376,1.0,0,0.0,0,0,0
2020-03-27,Odisha,20.9517,85.0985,2.0,0,0.0,0,0,0
2020-03-27,Puducherry,11.9416,79.8083,1.0,0,0.0,0,0,0
2020-03-27,Punjab,31.1471,75.3412,33.0,1,0.0,0,0,0
2020-03-27,Rajasthan,27.0238,74.2179,41.0,0,3.0,0,0,0
2020-03-27,Tamil Nadu,11.1271,78.6569,29.0,1,1.0,3,0,0
2020-03-27,Telengana,18.1124,79.0193,45.0,0,1.0,1,0,0
2020-03-27,Uttar Pradesh,26.8467,80.9462,41.0,0,11.0,0,0,0
2020-03-27,Uttarakhand,30.0668,79.0193,5.0,0,0.0,0,0,0
2020-03-27,West Bengal,22.9868,87.855,10.0,1,0.0,0,0,0
2020-03-28,Andaman and Nicobar Islands,11.7401,92.6586,6.0,0,0.0,5,0,0
2020-03-28,Andhra Pradesh,15.9129,79.74,14.0,0,1.0,2,0,0
2020-03-28,Bihar,25.0961,85.3131,9.0,1,0.0,3,0,0
2020-03-28,Chandigarh,30.7333,76.7794,8.0,0,0.0,1,0,0
2020-03-28,Chhattisgarh,21.2787,81.8661,6.0,0,0.0,0,0,0
2020-03-28,Delhi,28.7041,77.1025,39.0,1,6.0,3,0,0
2020-03-28,Goa,15.2993,74.124,3.0,0,0.0,0,0,0
2020-03-28,Gujarat,22.2587,71.1924,45.0,3,0.0,2,0,0
2020-03-28,Haryana,29.0588,76.0856,33.0,0,12.0,3,0,1
2020-03-28,Himachal Pradesh,31.1048,77.1734,3.0,1,0.0,0,0,0
2020-03-28,Jammu and Kashmir,33.7782,76.5762,20.0,1,1.0,7,0,0
2020-03-28,Karnataka,15.3173,75.7139,55.0,2,3.0,0,0,0
2020-03-28,Kerala,10.8505,76.2711,176.0,0,11.0,39,0,0
2020-03-28,Ladakh,34.2996,78.2932,13.0,0,3.0,0,0,0
2020-03-28,Madhya Pradesh,22.9734,78.6569,30.0,2,0.0,10,0,0
2020-03-28,Maharashtra,19.7515,75.7139,180.0,5,25.0,50,0,10
2020-03-28,Manipur,24.6637,93.9063,1.0,0,0.0,0,0,0
2020-03-28,Mizoram,23.1645,92.9376,1.0,0,0.0,0,0,0
2020-03-28,Odisha,20.9517,85.0985,3.0,0,0.0,1,0,0
2020-03-28,Puducherry,11.9416,79.8083,1.0,0,0.0,0,0,0
2020-03-28,Punjab,31.1471,75.3412,38.0,1,1.0,5,0,1
2020-03-28,Rajasthan,27.0238,74.2179,54.0,0,3.0,13,0,0
2020-03-28,Tamil Nadu,11.1271,78.6569,40.0,1,2.0,11,0,1
2020-03-28,Telengana,18.1124,79.0193,56.0,0,1.0,11,0,0
2020-03-28,Uttar Pradesh,26.8467,80.9462,55.0,0,11.0,14,0,0
2020-03-28,Uttarakhand,30.0668,79.0193,5.0,0,0.0,0,0,0
2020-03-28,West Bengal,22.9868,87.855,15.0,1,0.0,5,0,0
2020-03-29,Andaman and Nicobar Islands,11.7401,92.6586,9.0,0,0.0,3,0,0
2020-03-29,Andhra Pradesh,15.9129,79.74,14.0,0,1.0,0,0,0
2020-03-29,Bihar,25.0961,85.3131,9.0,1,0.0,0,0,0
2020-03-29,Chandigarh,30.7333,76.7794,8.0,0,0.0,0,0,0
2020-03-29,Chhattisgarh,21.2787,81.8661,6.0,0,0.0,0,0,0
2020-03-29,Delhi,28.7041,77.1025,39.0,2,6.0,0,0,0
2020-03-29,Goa,15.2993,74.124,3.0,0,0.0,0,0,0
2020-03-29,Gujarat,22.2587,71.1924,53.0,4,0.0,8,0,0
2020-03-29,Haryana,29.0588,76.0856,33.0,0,12.0,0,0,0
2020-03-29,Himachal Pradesh,31.1048,77.1734,3.0,1,0.0,0,0,0
2020-03-29,Jammu and Kashmir,33.7782,76.5762,31.0,1,1.0,11,0,0
2020-03-29,Karnataka,15.3173,75.7139,76.0,3,5.0,21,0,2
2020-03-29,Kerala,10.8505,76.2711,182.0,1,15.0,6,0,4
2020-03-29,Ladakh,34.2996,78.2932,13.0,0,3.0,0,0,0
2020-03-29,Madhya Pradesh,22.9734,78.6569,30.0,2,0.0,0,0,0
2020-03-29,Maharashtra,19.7515,75.7139,186.0,6,25.0,6,0,0
2020-03-29,Manipur,24.6637,93.9063,1.0,0,0.0,0,0,0
2020-03-29,Mizoram,23.1645,92.9376,1.0,0,0.0,0,0,0
2020-03-29,Odisha,20.9517,85.0985,3.0,0,0.0,0,0,0
2020-03-29,Puducherry,11.9416,79.8083,1.0,0,0.0,0,0,0
2020-03-29,Punjab,31.1471,75.3412,38.0,1,1.0,0,0,0
2020-03-29,Rajasthan,27.0238,74.2179,54.0,0,3.0,0,0,0
2020-03-29,Tamil Nadu,11.1271,78.6569,42.0,1,2.0,2,0,0
2020-03-29,Telengana,18.1124,79.0193,66.0,1,1.0,10,0,0
2020-03-29,Uttar Pradesh,26.8467,80.9462,55.0,0,11.0,0,0,0
2020-03-29,Uttarakhand,30.0668,79.0193,6.0,0,1.0,1,0,1
2020-03-29,West Bengal,22.9868,87.855,18.0,1,0.0,3,0,0
2020-03-30,Andaman and Nicobar Islands,11.7401,92.6586,9.0,0,0.0,0,0,0
2020-03-30,Andhra Pradesh,15.9129,79.74,19.0,0,1.0,5,0,0
2020-03-30,Bihar,25.0961,85.3131,11.0,1,0.0,2,0,0
2020-03-30,Chandigarh,30.7333,76.7794,8.0,0,0.0,0,0,0
2020-03-30,Chhattisgarh,21.2787,81.8661,7.0,0,0.0,1,0,0
2020-03-30,Delhi,28.7041,77.1025,53.0,2,6.0,14,0,0
2020-03-30,Goa,15.2993,74.124,5.0,0,0.0,2,0,0
2020-03-30,Gujarat,22.2587,71.1924,58.0,5,1.0,5,0,1
2020-03-30,Haryana,29.0588,76.0856,33.0,0,17.0,0,0,5
2020-03-30,Himachal Pradesh,31.1048,77.1734,3.0,1,0.0,0,0,0
2020-03-30,Jammu and Kashmir,33.7782,76.5762,31.0,2,1.0,0,0,0
2020-03-30,Karnataka,15.3173,75.7139,80.0,3,5.0,4,0,0
2020-03-30,Kerala,10.8505,76.2711,194.0,1,19.0,12,0,4
2020-03-30,Ladakh,34.2996,78.2932,13.0,0,3.0,0,0,0
2020-03-30,Madhya Pradesh,22.9734,78.6569,33.0,2,0.0,3,0,0
2020-03-30,Maharashtra,19.7515,75.7139,193.0,8,25.0,7,0,0
2020-03-30,Manipur,24.6637,93.9063,1.0,0,0.0,0,0,0
2020-03-30,Mizoram,23.1645,92.9376,1.0,0,0.0,0,0,0
2020-03-30,Odisha,20.9517,85.0985,3.0,0,0.0,0,0,0
2020-03-30,Puducherry,11.9416,79.8083,1.0,0,0.0,0,0,0
2020-03-30,Punjab,31.1471,75.3412,38.0,1,1.0,0,0,0
2020-03-30,Rajasthan,27.0238,74.2179,57.0,0,3.0,3,0,0
2020-03-30,Tamil Nadu,11.1271,78.6569,50.0,1,4.0,8,0,2
2020-03-30,Telengana,18.1124,79.0193,69.0,1,1.0,3,0,0
2020-03-30,Uttar Pradesh,26.8467,80.9462,75.0,0,11.0,20,0,0
2020-03-30,Uttarakhand,30.0668,79.0193,7.0,0,2.0,1,0,1
2020-03-30,West Bengal,22.9868,87.855,19.0,1,0.0,1,0,0
2020-03-31,Andaman and Nicobar Islands,11.7401,92.6586,10.0,0,0.0,1,0,0
2020-03-31,Andhra Pradesh,15.9129,79.74,40.0,0,1.0,21,0,0
2020-03-31,Bihar,25.0961,85.3131,15.0,1,0.0,4,0,0
2020-03-31,Chandigarh,30.7333,76.7794,13.0,0,0.0,5,0,0
2020-03-31,Chhattisgarh,21.2787,81.8661,8.0,0,0.0,1,0,0
2020-03-31,Delhi,28.7041,77.1025,97.0,2,6.0,44,0,0
2020-03-31,Goa,15.2993,74.124,5.0,0,0.0,0,0,0
2020-03-31,Gujarat,22.2587,71.1924,73.0,6,3.0,15,0,2
2020-03-31,Haryana,29.0588,76.0856,40.0,0,21.0,7,0,4
2020-03-31,Himachal Pradesh,31.1048,77.1734,3.0,1,0.0,0,0,0
2020-03-31,Jammu and Kashmir,33.7782,76.5762,54.0,2,2.0,23,0,1
2020-03-31,Karnataka,15.3173,75.7139,83.0,3,5.0,3,0,0
2020-03-31,Kerala,10.8505,76.2711,234.0,1,19.0,40,0,0
2020-03-31,Ladakh,34.2996,78.2932,13.0,0,3.0,0,0,0
2020-03-31,Madhya Pradesh,22.9734,78.6569,47.0,3,0.0,14,0,0
2020-03-31,Maharashtra,19.7515,75.7139,216.0,9,39.0,23,0,14
2020-03-31,Manipur,24.6637,93.9063,1.0,0,0.0,0,0,0
2020-03-31,Mizoram,23.1645,92.9376,1.0,0,0.0,0,0,0
2020-03-31,Odisha,20.9517,85.0985,3.0,0,0.0,0,0,0
2020-03-31,Puducherry,11.9416,79.8083,1.0,0,0.0,0,0,0
2020-03-31,Punjab,31.1471,75.3412,41.0,3,1.0,3,0,0
2020-03-31,Rajasthan,27.0238,74.2179,74.0,0,3.0,17,0,0
2020-03-31,Tamil Nadu,11.1271,78.6569,74.0,1,4.0,24,0,0
2020-03-31,Telengana,18.1124,79.0193,79.0,1,1.0,10,0,0
2020-03-31,Uttar Pradesh,26.8467,80.9462,101.0,0,14.0,26,0,3
2020-03-31,Uttarakhand,30.0668,79.0193,7.0,0,2.0,0,0,0
2020-03-31,West Bengal,22.9868,87.855,26.0,2,0.0,7,0,0
2020-04-01,Andaman and Nicobar Islands,11.7401,92.6586,10.0,0,1.0,0,0,1
2020-04-01,Andhra Pradesh,15.9129,79.74,83.0,0,0.0,43,0,-1
2020-04-01,Assam,26.2006,92.9376,1.0,0,0.0,0,0,0
2020-04-01,Bihar,25.0961,85.3131,23.0,1,0.0,8,0,0
2020-04-01,Chandigarh,30.7333,76.7794,16.0,0,0.0,3,0,0
2020-04-01,Chhattisgarh,21.2787,81.8661,9.0,0,2.0,1,0,2
2020-04-01,Delhi,28.7041,77.1025,152.0,2,6.0,55,0,0
2020-04-01,Goa,15.2993,74.124,5.0,0,0.0,0,0,0
2020-04-01,Gujarat,22.2587,71.1924,82.0,6,5.0,9,0,2
2020-04-01,Haryana,29.0588,76.0856,43.0,0,21.0,3,0,0
2020-04-01,Himachal Pradesh,31.1048,77.1734,3.0,1,0.0,0,0,0
2020-04-01,Jammu and Kashmir,33.7782,76.5762,62.0,2,2.0,8,0,0
2020-04-01,Jharkhand,23.6102,85.2799,1.0,0,0.0,0,0,0
2020-04-01,Karnataka,15.3173,75.7139,101.0,3,8.0,18,0,3
2020-04-01,Kerala,10.8505,76.2711,241.0,2,23.0,7,0,4
2020-04-01,Ladakh,34.2996,78.2932,13.0,0,3.0,0,0,0
2020-04-01,Madhya Pradesh,22.9734,78.6569,66.0,3,0.0,19,0,0
2020-04-01,Maharashtra,19.7515,75.7139,302.0,9,39.0,86,0,0
2020-04-01,Manipur,24.6637,93.9063,1.0,0,0.0,0,0,0
2020-04-01,Mizoram,23.1645,92.9376,1.0,0,0.0,0,0,0
2020-04-01,Odisha,20.9517,85.0985,4.0,0,0.0,1,0,0
2020-04-01,Puducherry,11.9416,79.8083,3.0,0,1.0,2,0,1
2020-04-01,Punjab,31.1471,75.3412,42.0,3,1.0,1,0,0
2020-04-01,Rajasthan,27.0238,74.2179,93.0,0,3.0,19,0,0
2020-04-01,Tamil Nadu,11.1271,78.6569,234.0,1,6.0,160,0,2
2020-04-01,Telengana,18.1124,79.0193,96.0,3,1.0,17,0,0
2020-04-01,Uttar Pradesh,26.8467,80.9462,103.0,2,14.0,2,0,0
2020-04-01,Uttarakhand,30.0668,79.0193,7.0,0,2.0,0,0,0
2020-04-02,Andaman and Nicobar Islands,11.7401,92.6586,10.0,0,0.0,0,0,-1
2020-04-02,Andhra Pradesh,15.9129,79.74,86.0,1,1.0,3,0,1
2020-04-02,Assam,26.2006,92.9376,1.0,0,0.0,0,0,0
2020-04-02,Bihar,25.0961,85.3131,23.0,1,0.0,0,0,0
2020-04-02,Chandigarh,30.7333,76.7794,16.0,0,0.0,0,0,0
2020-04-02,Chhattisgarh,21.2787,81.8661,9.0,0,2.0,0,0,0
2020-04-02,Delhi,28.7041,77.1025,152.0,2,6.0,0,0,0
2020-04-02,Goa,15.2993,74.124,5.0,0,0.0,0,0,0
2020-04-02,Gujarat,22.2587,71.1924,82.0,6,5.0,0,0,0
2020-04-02,Haryana,29.0588,76.0856,43.0,0,21.0,0,0,0
2020-04-02,Himachal Pradesh,31.1048,77.1734,3.0,1,1.0,0,0,1
2020-04-02,Jammu and Kashmir,33.7782,76.5762,62.0,2,2.0,0,0,0
2020-04-02,Jharkhand,23.6102,85.2799,1.0,0,0.0,0,0,0
2020-04-02,Karnataka,15.3173,75.7139,110.0,3,9.0,9,0,1
2020-04-02,Kerala,10.8505,76.2711,265.0,2,25.0,24,0,2
2020-04-02,Ladakh,34.2996,78.2932,13.0,0,3.0,0,0,0
2020-04-02,Madhya Pradesh,22.9734,78.6569,99.0,6,0.0,33,0,0
2020-04-02,Maharashtra,19.7515,75.7139,335.0,13,42.0,33,0,3
2020-04-02,Manipur,24.6637,93.9063,1.0,0,0.0,0,0,0
2020-04-02,Mizoram,23.1645,92.9376,1.0,0,0.0,0,0,0
2020-04-02,Odisha,20.9517,85.0985,4.0,0,0.0,0,0,0
2020-04-02,Puducherry,11.9416,79.8083,3.0,0,1.0,0,0,0
2020-04-02,Punjab,31.1471,75.3412,46.0,4,1.0,4,0,0
2020-04-02,Rajasthan,27.0238,74.2179,108.0,0,3.0,15,0,0
2020-04-02,Tamil Nadu,11.1271,78.6569,234.0,1,6.0,0,0,0
2020-04-02,Telengana,18.1124,79.0193,96.0,3,1.0,0,0,0
2020-04-02,Uttar Pradesh,26.8467,80.9462,113.0,2,14.0,10,0,0
2020-04-02,Uttarakhand,30.0668,79.0193,7.0,0,2.0,0,0,0
2020-04-03,Andaman and Nicobar Islands,11.7401,92.6586,10.0,0,0.0,0,0,0
2020-04-03,Andhra Pradesh,15.9129,79.74,132.0,1,1.0,46,0,0
2020-04-03,Arunachal Pradesh,28.218000000000004,94.7278,1.0,0,0.0,0,0,0
2020-04-03,Assam,26.2006,92.9376,16.0,0,0.0,15,0,0
2020-04-03,Bihar,25.0961,85.3131,24.0,1,0.0,1,0,0
2020-04-03,Chandigarh,30.7333,76.7794,18.0,0,0.0,2,0,0
2020-04-03,Chhattisgarh,21.2787,81.8661,9.0,0,2.0,0,0,0
2020-04-03,Delhi,28.7041,77.1025,219.0,4,8.0,67,0,2
2020-04-03,Goa,15.2993,74.124,6.0,0,0.0,1,0,0
2020-04-03,Gujarat,22.2587,71.1924,87.0,7,8.0,5,0,3
2020-04-03,Haryana,29.0588,76.0856,43.0,0,21.0,0,0,0
2020-04-03,Himachal Pradesh,31.1048,77.1734,6.0,1,1.0,3,0,0
2020-04-03,Jammu and Kashmir,33.7782,76.5762,70.0,2,3.0,8,0,1